Camera Matrix:
[[-1.e+03  0.e+00  0.e+00]
 [ 0.e+00 -2.e+03  0.e+00]
 [ 0.e+00  0.e+00  1.e+00]]

Rotation Matrix:
[[ 0.902701  0.05153   0.427171]
 [ 0.182987  0.852568 -0.489535]
 [-0.389418  0.52007   0.760184]]

Translation Matrix:
[10. 15. 20.]

Object points:
[[ 0.1251 56.3585 19.3304]
 [80.8741 58.5009 47.9873]
 [35.0291 89.5962 82.284 ]
 [74.6605 17.4108 85.8943]
 [71.0501 51.3535 30.3995]
 [ 1.4985  9.1403 36.4452]
 [14.7313 16.5899 98.8525]
 [44.5692 11.9083  0.4669]
 [ 0.8911 37.788  53.1663]
 [57.1184 60.1764 60.7166]]

Image points:
[[[ -332.64056  -1676.438   ]]

 [[-1922.3713   -2027.9178  ]]

 [[ -704.61096   -995.8895  ]]

 [[-1761.5128     -44.656986]]

 [[-2129.8296   -2700.072   ]]

 [[ -528.03796   -201.47356 ]]

 [[ -677.08624    337.669   ]]

 [[-5553.2603   -7197.46    ]]

 [[ -444.8321    -535.6923  ]]

 [[-1204.6207   -1250.7433  ]]]

Computed Camera Matrix:
[[-1000.0000519499913, 0, 1.278413293448466e-05], [0, -2000.0000144966148, -4.0992836829900625e-05], [0, 0, 1]]

Computed Rotation Matrix:
[[ 0.90270116  0.05153004  0.42717124]
 [ 0.18298683  0.85256757 -0.48953484]
 [-0.38941809  0.52007038  0.76018442]]

Computed Translation Matrix:
[[ 9.99999817 14.99999933 20.00000081]]
